1 0.138 0.442 0.065 0.106
1 0.144 0.303 0.058 0.084
0 0.217 0.283 0.05 0.071
1 0.276 0.345 0.048 0.08
0 0.307 0.268 0.045 0.084
1 0.236 0.199 0.052 0.097
0 0.13 0.626 0.05 0.146
1 0.195 0.684 0.075 0.146
1 0.265 0.794 0.075 0.155
0 0.371 0.872 0.098 0.186
0 0.372 0.515 0.065 0.128
0 0.371 0.35 0.062 0.088
1 0.369 0.179 0.037 0.066
0 0.464 0.19 0.043 0.097
0 0.445 0.246 0.03 0.084
0 0.511 0.188 0.043 0.084
1 0.573 0.137 0.04 0.08
1 0.621 0.21 0.062 0.111
0 0.465 0.451 0.055 0.106
0 0.458 0.626 0.065 0.102
0 0.564 0.511 0.062 0.128
1 0.484 0.801 0.043 0.106
1 0.434 0.838 0.043 0.155
0 0.618 0.905 0.09 0.164
0 0.645 0.562 0.07 0.124
0 0.704 0.788 0.052 0.15
0 0.68 0.409 0.05 0.093
0 0.759 0.529 0.058 0.111
1 0.68 0.124 0.05 0.088
1 0.677 0.243 0.04 0.062
1 0.728 0.153 0.045 0.075
0 0.82 0.119 0.035 0.08
1 0.763 0.257 0.045 0.08
0 0.84 0.509 0.07 0.08
1 0.893 0.743 0.08 0.124
