1 0.061 0.485 0.092 0.139
1 0.089 0.124 0.068 0.097
0 0.147 0.092 0.055 0.094
0 0.311 0.047 0.058 0.086
1 0.23 0.118 0.07 0.109
1 0.265 0.285 0.045 0.075
1 0.217 0.479 0.085 0.127
1 0.159 0.642 0.107 0.109
0 0.212 0.878 0.13 0.221
1 0.36 0.661 0.14 0.161
1 0.326 0.38 0.092 0.124
1 0.346 0.139 0.072 0.075
1 0.44 0.154 0.065 0.09
0 0.501 0.116 0.072 0.097
0 0.49 0.352 0.09 0.127
1 0.571 0.264 0.062 0.101
1 0.631 0.114 0.077 0.116
1 0.736 0.11 0.068 0.079
1 0.746 0.27 0.062 0.09
0 0.682 0.429 0.1 0.154
1 0.636 0.667 0.092 0.127
0 0.755 0.798 0.1 0.142
0 0.83 0.5 0.09 0.139
1 0.868 0.148 0.06 0.094
1 0.978 0.09 0.05 0.075
0 0.926 0.318 0.072 0.097
