0 0.019 0.52 0.022 0.044
0 0.077 0.809 0.02 0.036
0 0.075 0.498 0.025 0.044
0 0.14 0.507 0.025 0.053
1 0.12 0.633 0.025 0.049
1 0.168 0.716 0.02 0.044
0 0.135 0.378 0.025 0.044
0 0.186 0.387 0.013 0.044
1 0.149 0.273 0.022 0.04
0 0.094 0.158 0.018 0.04
0 0.275 0.691 0.03 0.058
0 0.341 0.9 0.033 0.058
0 0.305 0.627 0.025 0.053
1 0.3 0.487 0.02 0.04
0 0.278 0.418 0.02 0.044
0 0.375 0.493 0.02 0.044
0 0.395 0.702 0.03 0.053
0 0.431 0.818 0.028 0.062
0 0.4 0.804 0.03 0.062
0 0.484 0.92 0.018 0.044
0 0.494 0.66 0.028 0.058
0 0.476 0.609 0.033 0.036
0 0.454 0.458 0.028 0.044
0 0.361 0.378 0.028 0.044
0 0.234 0.264 0.022 0.031
1 0.223 0.224 0.02 0.04
1 0.28 0.276 0.025 0.044
1 0.315 0.249 0.02 0.036
0 0.384 0.278 0.022 0.04
0 0.362 0.211 0.025 0.04
0 0.279 0.084 0.018 0.036
0 0.315 0.053 0.015 0.036
0 0.341 0.169 0.018 0.036
0 0.417 0.162 0.02 0.031
0 0.256 0.209 0.018 0.036
0 0.44 0.38 0.025 0.04
0 0.476 0.322 0.022 0.049
0 0.509 0.369 0.022 0.044
0 0.52 0.487 0.02 0.04
0 0.634 0.882 0.033 0.058
0 0.677 0.971 0.035 0.058
0 0.625 0.576 0.025 0.04
0 0.633 0.409 0.025 0.036
0 0.564 0.387 0.022 0.044
0 0.583 0.351 0.02 0.036
0 0.589 0.284 0.018 0.036
0 0.532 0.209 0.02 0.036
0 0.333 0.02 0.015 0.031
1 0.421 0.051 0.013 0.031
0 0.453 0.036 0.02 0.036
0 0.521 0.08 0.018 0.036
0 0.565 0.033 0.015 0.031
0 0.654 0.142 0.018 0.036
1 0.676 0.116 0.018 0.027
0 0.665 0.287 0.02 0.031
0 0.703 0.398 0.02 0.04
0 0.733 0.618 0.03 0.053
0 0.729 0.449 0.022 0.044
0 0.753 0.498 0.025 0.044
0 0.766 0.422 0.022 0.044
0 0.761 0.591 0.022 0.044
0 0.71 0.078 0.015 0.031
0 0.671 0.02 0.018 0.031
0 0.736 0.02 0.013 0.031
0 0.771 0.038 0.013 0.031
1 0.772 0.082 0.015 0.031
1 0.745 0.162 0.015 0.031
0 0.812 0.211 0.02 0.04
0 0.866 0.118 0.018 0.031
1 0.878 0.018 0.015 0.027
0 0.911 0.113 0.018 0.031
0 0.897 0.187 0.02 0.036
0 0.891 0.264 0.022 0.04
0 0.859 0.296 0.018 0.04
0 0.912 0.313 0.02 0.04
0 0.954 0.253 0.013 0.027
0 0.925 0.382 0.025 0.044
0 0.958 0.46 0.025 0.04
0 0.97 0.311 0.02 0.044
0 0.86 0.08 0.015 0.027
0 0.99 0.68 0.02 0.053
0 0.989 0.589 0.022 0.049
0 0.941 0.516 0.022 0.036
