1 0.045 0.723 0.02 0.06
0 0.099 0.732 0.043 0.071
0 0.176 0.7 0.018 0.045
0 0.263 0.757 0.04 0.06
1 0.328 0.569 0.025 0.045
0 0.355 0.586 0.035 0.049
0 0.398 0.599 0.03 0.037
1 0.371 0.667 0.033 0.052
0 0.324 0.702 0.037 0.049
0 0.416 0.678 0.037 0.06
0 0.458 0.627 0.035 0.064
0 0.55 0.596 0.03 0.045
0 0.505 0.702 0.04 0.064
0 0.529 0.775 0.043 0.075
0 0.601 0.584 0.037 0.06
1 0.576 0.964 0.048 0.071
0 0.569 0.487 0.028 0.037
0 0.514 0.451 0.022 0.041
0 0.618 0.493 0.025 0.041
0 0.73 0.416 0.025 0.037
0 0.789 0.427 0.018 0.03
0 0.907 0.504 0.025 0.034
