1 0.133 0.91 0.045 0.065
1 0.03 0.678 0.04 0.065
1 0.151 0.686 0.037 0.065
1 0.045 0.576 0.035 0.057
1 0.166 0.535 0.043 0.065
1 0.059 0.439 0.037 0.061
1 0.165 0.441 0.035 0.041
1 0.204 0.388 0.033 0.049
1 0.066 0.292 0.033 0.053
1 0.099 0.243 0.028 0.037
1 0.212 0.261 0.035 0.057
1 0.12 0.118 0.03 0.049
1 0.21 0.135 0.035 0.057
1 0.229 0.067 0.033 0.045
1 0.396 0.127 0.018 0.041
0 0.473 0.112 0.02 0.045
0 0.519 0.098 0.022 0.041
1 0.455 0.145 0.03 0.045
1 0.459 0.202 0.028 0.045
0 0.439 0.302 0.028 0.041
1 0.475 0.353 0.02 0.045
1 0.454 0.404 0.022 0.049
1 0.458 0.492 0.03 0.053
1 0.434 0.584 0.037 0.057
1 0.469 0.659 0.033 0.045
1 0.478 0.841 0.035 0.041
1 0.494 0.933 0.043 0.069
1 0.463 0.916 0.015 0.045
0 0.524 0.445 0.033 0.049
1 0.555 0.488 0.035 0.061
1 0.562 0.394 0.035 0.053
1 0.535 0.388 0.025 0.049
1 0.526 0.21 0.018 0.037
1 0.547 0.233 0.03 0.049
1 0.583 0.112 0.025 0.045
1 0.59 0.253 0.03 0.049
1 0.638 0.243 0.025 0.037
1 0.639 0.351 0.033 0.049
1 0.618 0.527 0.03 0.041
1 0.564 0.673 0.028 0.057
1 0.6 0.722 0.035 0.057
1 0.644 0.718 0.033 0.057
1 0.65 0.551 0.035 0.057
1 0.64 0.943 0.03 0.057
1 0.619 0.155 0.028 0.041
1 0.659 0.127 0.018 0.041
1 0.649 0.073 0.022 0.033
1 0.716 0.1 0.022 0.037
1 0.69 0.133 0.025 0.029
1 0.72 0.178 0.03 0.037
1 0.708 0.278 0.035 0.041
1 0.731 0.255 0.013 0.045
1 0.701 0.376 0.033 0.041
1 0.731 0.422 0.033 0.053
1 0.756 0.431 0.018 0.045
1 0.744 0.533 0.033 0.053
1 0.736 0.671 0.037 0.045
1 0.77 0.806 0.035 0.053
1 0.786 0.878 0.022 0.033
1 0.802 0.969 0.035 0.053
1 0.761 0.104 0.018 0.029
