0 0.12 0.616 0.07 0.086
0 0.249 0.564 0.058 0.094
0 0.384 0.826 0.072 0.101
0 0.314 0.541 0.048 0.071
0 0.359 0.419 0.043 0.067
0 0.27 0.369 0.035 0.056
0 0.163 0.442 0.035 0.067
0 0.151 0.363 0.022 0.045
0 0.211 0.322 0.022 0.037
0 0.473 0.476 0.065 0.09
0 0.532 0.395 0.04 0.071
0 0.769 0.466 0.083 0.109
0 0.934 0.534 0.037 0.086
0 0.626 0.36 0.022 0.067
0 0.56 0.262 0.035 0.06
0 0.465 0.232 0.03 0.045
0 0.314 0.26 0.022 0.049
0 0.095 0.341 0.02 0.06
0 0.075 0.285 0.02 0.045
0 0.152 0.251 0.03 0.052
0 0.228 0.215 0.02 0.034
