0 0.048 0.593 0.085 0.123
0 0.088 0.429 0.04 0.06
0 0.124 0.394 0.028 0.043
0 0.173 0.35 0.025 0.03
0 0.024 0.362 0.022 0.027
0 0.199 0.43 0.037 0.043
0 0.236 0.362 0.028 0.04
0 0.288 0.53 0.115 0.163
0 0.292 0.355 0.025 0.027
0 0.379 0.369 0.018 0.02
0 0.401 0.392 0.028 0.033
0 0.444 0.455 0.043 0.06
0 0.544 0.445 0.062 0.086
0 0.509 0.402 0.022 0.047
0 0.446 0.384 0.018 0.023
0 0.586 0.354 0.028 0.03
0 0.703 0.395 0.025 0.027
0 0.701 0.347 0.018 0.023
0 0.748 0.442 0.025 0.033
0 0.729 0.364 0.018 0.017
0 0.777 0.4 0.02 0.03
0 0.826 0.447 0.048 0.063
0 0.893 0.402 0.025 0.033
0 0.989 0.462 0.022 0.066
0 0.963 0.389 0.03 0.033
1 0.545 0.352 0.015 0.02
