0 0.043 0.882 0.065 0.114
0 0.128 0.786 0.065 0.11
0 0.169 0.716 0.052 0.094
1 0.096 0.48 0.043 0.069
0 0.085 0.355 0.04 0.09
0 0.028 0.322 0.035 0.073
1 0.083 0.049 0.05 0.082
0 0.299 0.078 0.052 0.082
0 0.26 0.271 0.055 0.069
0 0.265 0.498 0.045 0.09
0 0.375 0.927 0.07 0.106
0 0.519 0.747 0.062 0.082
0 0.566 0.827 0.072 0.102
0 0.499 0.431 0.058 0.094
0 0.484 0.28 0.062 0.086
0 0.491 0.151 0.058 0.073
0 0.641 0.494 0.048 0.082
0 0.661 0.273 0.052 0.09
0 0.746 0.271 0.058 0.094
0 0.932 0.645 0.07 0.073
0 0.893 0.347 0.06 0.082
0 0.823 0.204 0.045 0.073
0 0.82 0.092 0.045 0.061
