1 0.151 0.844 0.118 0.213
1 0.066 0.591 0.103 0.142
0 0.046 0.391 0.083 0.098
0 0.143 0.373 0.09 0.169
0 0.21 0.349 0.04 0.084
1 0.276 0.416 0.092 0.173
0 0.346 0.682 0.113 0.191
0 0.445 0.651 0.085 0.147
0 0.589 0.642 0.133 0.227
0 0.499 0.447 0.043 0.147
1 0.36 0.364 0.065 0.133
1 0.455 0.316 0.07 0.124
1 0.584 0.284 0.062 0.116
1 0.212 0.187 0.055 0.098
0 0.175 0.207 0.035 0.084
0 0.124 0.14 0.043 0.076
0 0.031 0.211 0.058 0.12
0 0.075 0.202 0.035 0.076
0 0.196 0.047 0.028 0.049
0 0.246 0.122 0.022 0.049
0 0.265 0.193 0.045 0.084
0 0.413 0.322 0.04 0.102
0 0.381 0.218 0.037 0.062
0 0.336 0.167 0.037 0.058
0 0.379 0.158 0.043 0.058
0 0.335 0.058 0.025 0.053
0 0.294 0.064 0.013 0.04
0 0.396 0.082 0.022 0.049
0 0.413 0.118 0.03 0.049
1 0.481 0.127 0.037 0.076
0 0.514 0.211 0.043 0.093
0 0.506 0.282 0.043 0.084
0 0.519 0.053 0.013 0.053
0 0.58 0.062 0.02 0.044
0 0.639 0.044 0.028 0.053
0 0.657 0.171 0.045 0.076
1 0.628 0.273 0.025 0.093
0 0.681 0.38 0.062 0.102
0 0.689 0.182 0.028 0.071
1 0.7 0.062 0.02 0.044
0 0.684 0.527 0.028 0.076
0 0.75 0.58 0.08 0.173
0 0.819 0.778 0.122 0.249
0 0.85 0.284 0.06 0.116
1 0.958 0.322 0.025 0.102
0 0.897 0.264 0.035 0.102
0 0.741 0.362 0.052 0.076
0 0.799 0.216 0.048 0.084
0 0.782 0.116 0.045 0.089
0 0.83 0.091 0.03 0.084
0 0.915 0.131 0.02 0.058
