0 0.11 0.59 0.08 0.18
0 0.07 0.272 0.065 0.146
0 0.139 0.124 0.058 0.15
0 0.228 0.517 0.065 0.17
0 0.168 0.413 0.055 0.136
0 0.335 0.6 0.06 0.199
0 0.275 0.939 0.095 0.121
0 0.43 0.903 0.11 0.194
0 0.422 0.364 0.07 0.175
0 0.344 0.248 0.062 0.146
0 0.547 0.383 0.06 0.146
0 0.581 0.789 0.083 0.16
0 0.631 0.59 0.062 0.18
0 0.608 0.33 0.065 0.165
0 0.665 0.131 0.055 0.136
1 0.539 0.097 0.048 0.097
0 0.769 0.422 0.058 0.146
0 0.81 0.684 0.09 0.204
0 0.861 0.655 0.058 0.155
0 0.968 0.461 0.07 0.184
0 0.929 0.206 0.062 0.15
0 0.946 0.061 0.052 0.092
0 0.851 0.367 0.068 0.141
0 0.976 0.893 0.048 0.214
