0 0.075 0.071 0.025 0.045
0 0.15 0.056 0.025 0.037
0 0.312 0.088 0.025 0.056
0 0.431 0.034 0.028 0.045
0 0.069 0.206 0.033 0.052
0 0.149 0.172 0.033 0.045
0 0.283 0.165 0.03 0.052
0 0.305 0.232 0.03 0.045
0 0.244 0.311 0.033 0.045
0 0.081 0.296 0.037 0.052
0 0.037 0.365 0.035 0.056
0 0.107 0.416 0.035 0.045
0 0.105 0.487 0.03 0.06
0 0.166 0.519 0.033 0.056
0 0.175 0.601 0.045 0.064
0 0.128 0.801 0.045 0.06
0 0.152 0.927 0.045 0.071
0 0.255 0.875 0.045 0.056
0 0.33 0.506 0.04 0.052
0 0.35 0.361 0.03 0.049
0 0.38 0.822 0.045 0.071
0 0.444 0.566 0.037 0.067
0 0.504 0.103 0.028 0.034
0 0.527 0.161 0.03 0.045
0 0.591 0.116 0.028 0.045
0 0.565 0.206 0.03 0.045
0 0.661 0.195 0.033 0.045
0 0.635 0.255 0.035 0.06
0 0.6 0.406 0.035 0.056
0 0.552 0.496 0.035 0.064
0 0.719 0.796 0.043 0.071
0 0.772 0.38 0.035 0.064
0 0.801 0.551 0.037 0.06
0 0.79 0.049 0.03 0.037
0 0.816 0.03 0.022 0.045
1 0.927 0.066 0.025 0.049
0 0.841 0.12 0.033 0.037
0 0.959 0.354 0.037 0.041
0 0.9 0.496 0.035 0.056
0 0.924 0.689 0.033 0.06
0 0.955 0.742 0.05 0.052
