0 0.091 0.83 0.062 0.087
0 0.221 0.83 0.058 0.087
0 0.333 0.858 0.055 0.083
0 0.506 0.903 0.068 0.087
0 0.796 0.77 0.062 0.073
0 0.955 0.838 0.055 0.05
0 0.666 0.662 0.058 0.077
0 0.851 0.51 0.048 0.06
0 0.981 0.572 0.033 0.063
0 0.721 0.507 0.037 0.053
0 0.545 0.682 0.055 0.07
0 0.41 0.648 0.055 0.07
0 0.228 0.592 0.03 0.077
0 0.19 0.577 0.055 0.08
0 0.122 0.573 0.05 0.073
0 0.015 0.547 0.025 0.073
0 0.022 0.395 0.04 0.043
0 0.133 0.393 0.045 0.06
0 0.265 0.432 0.04 0.057
0 0.345 0.423 0.045 0.06
0 0.471 0.483 0.052 0.06
0 0.573 0.497 0.05 0.06
0 0.966 0.357 0.043 0.06
0 0.816 0.32 0.028 0.06
0 0.725 0.308 0.04 0.063
0 0.652 0.307 0.045 0.047
0 0.54 0.253 0.04 0.06
0 0.485 0.26 0.035 0.06
0 0.375 0.217 0.035 0.06
0 0.294 0.233 0.033 0.053
0 0.181 0.207 0.033 0.053
0 0.088 0.205 0.04 0.063
0 0.021 0.195 0.037 0.057
0 0.02 0.1 0.03 0.047
0 0.119 0.107 0.022 0.047
0 0.209 0.143 0.033 0.053
0 0.335 0.148 0.03 0.057
0 0.486 0.122 0.028 0.057
0 0.575 0.153 0.035 0.06
0 0.698 0.183 0.035 0.06
0 0.79 0.162 0.04 0.063
0 0.902 0.195 0.035 0.057
0 0.988 0.213 0.025 0.06
0 0.818 0.063 0.03 0.047
0 0.743 0.072 0.035 0.05
0 0.644 0.065 0.033 0.057
0 0.6 0.023 0.025 0.04
0 0.516 0.06 0.033 0.047
0 0.449 0.063 0.033 0.04
0 0.381 0.05 0.033 0.047
0 0.294 0.033 0.037 0.047
0 0.177 0.055 0.025 0.037
0 0.113 0.027 0.025 0.047
