0 0.085 0.236 0.045 0.067
0 0.189 0.118 0.033 0.049
0 0.256 0.285 0.043 0.06
0 0.371 0.09 0.033 0.045
0 0.415 0.148 0.04 0.064
0 0.519 0.358 0.052 0.086
0 0.456 0.084 0.037 0.056
0 0.52 0.094 0.035 0.052
0 0.62 0.268 0.045 0.071
0 0.608 0.21 0.035 0.052
1 0.422 0.079 0.025 0.03
1 0.594 0.103 0.022 0.041
0 0.6 0.043 0.025 0.034
0 0.666 0.137 0.033 0.041
1 0.63 0.026 0.025 0.037
0 0.698 0.079 0.025 0.045
0 0.75 0.058 0.03 0.049
0 0.769 0.062 0.013 0.034
1 0.728 0.054 0.02 0.034
1 0.883 0.06 0.03 0.037
0 0.955 0.101 0.03 0.045
