0 0.085 0.265 0.045 0.09
0 0.168 0.316 0.045 0.086
0 0.355 0.3 0.05 0.094
0 0.302 0.237 0.03 0.057
0 0.371 0.235 0.028 0.045
0 0.408 0.282 0.045 0.065
0 0.434 0.253 0.018 0.057
0 0.456 0.476 0.048 0.086
0 0.48 0.273 0.03 0.057
0 0.527 0.269 0.03 0.065
0 0.561 0.28 0.043 0.078
0 0.615 0.306 0.04 0.073
0 0.654 0.335 0.048 0.09
0 0.715 0.355 0.055 0.098
0 0.72 0.214 0.03 0.069
0 0.769 0.261 0.043 0.073
1 0.81 0.261 0.04 0.057
0 0.884 0.239 0.043 0.069
0 0.939 0.257 0.048 0.082
0 0.841 0.255 0.022 0.045
