1 0.049 0.04 0.058 0.073
0 0.05 0.35 0.055 0.093
0 0.245 0.267 0.06 0.08
0 0.284 0.068 0.062 0.09
1 0.062 0.473 0.05 0.087
0 0.024 0.882 0.043 0.13
0 0.098 0.785 0.07 0.117
0 0.145 0.715 0.055 0.11
0 0.25 0.49 0.055 0.093
0 0.494 0.138 0.062 0.077
0 0.486 0.27 0.068 0.093
0 0.504 0.423 0.062 0.093
0 0.367 0.925 0.07 0.11
0 0.524 0.75 0.072 0.093
0 0.578 0.825 0.075 0.11
0 0.662 0.487 0.055 0.087
0 0.684 0.265 0.062 0.09
0 0.777 0.26 0.06 0.1
0 0.858 0.083 0.045 0.073
0 0.939 0.342 0.068 0.083
0 0.969 0.64 0.062 0.087
