0 0.121 0.614 0.072 0.082
0 0.247 0.564 0.06 0.079
0 0.314 0.536 0.048 0.075
0 0.383 0.826 0.075 0.101
0 0.475 0.474 0.065 0.086
0 0.77 0.464 0.08 0.105
0 0.935 0.536 0.04 0.075
0 0.531 0.393 0.037 0.075
0 0.625 0.358 0.025 0.064
0 0.562 0.264 0.035 0.056
0 0.464 0.232 0.028 0.045
0 0.163 0.446 0.035 0.067
0 0.271 0.371 0.037 0.045
0 0.15 0.365 0.025 0.041
0 0.356 0.421 0.043 0.056
0 0.314 0.262 0.022 0.045
0 0.152 0.255 0.025 0.045
0 0.21 0.322 0.025 0.037
0 0.096 0.345 0.022 0.037
0 0.077 0.285 0.02 0.03
0 0.225 0.217 0.02 0.03
