0 0.046 0.593 0.072 0.107
0 0.085 0.432 0.035 0.057
0 0.119 0.397 0.022 0.04
0 0.198 0.432 0.035 0.043
0 0.235 0.365 0.025 0.043
0 0.173 0.352 0.02 0.03
0 0.288 0.533 0.105 0.167
0 0.404 0.392 0.022 0.03
0 0.29 0.357 0.02 0.027
0 0.444 0.457 0.037 0.053
0 0.544 0.447 0.058 0.087
0 0.492 0.395 0.015 0.03
0 0.449 0.387 0.018 0.02
0 0.585 0.357 0.025 0.033
0 0.703 0.397 0.025 0.027
0 0.749 0.447 0.022 0.033
0 0.826 0.45 0.048 0.067
0 0.893 0.403 0.02 0.033
0 0.99 0.468 0.02 0.063
0 0.662 0.372 0.01 0.017
0 0.703 0.347 0.015 0.02
0 0.731 0.365 0.013 0.017
0 0.777 0.403 0.02 0.033
0 0.963 0.393 0.02 0.033
0 0.985 0.373 0.01 0.02
