1 0.022 0.217 0.035 0.06
1 0.069 0.188 0.048 0.07
1 0.131 0.18 0.033 0.053
1 0.136 0.237 0.022 0.073
1 0.064 0.393 0.033 0.06
0 0.094 0.515 0.058 0.097
1 0.147 0.625 0.06 0.103
1 0.285 0.955 0.085 0.09
1 0.285 0.048 0.03 0.05
1 0.297 0.165 0.04 0.07
1 0.349 0.207 0.033 0.073
1 0.383 0.22 0.03 0.073
1 0.264 0.38 0.043 0.067
0 0.334 0.538 0.048 0.09
0 0.416 0.533 0.043 0.087
1 0.499 0.208 0.033 0.057
1 0.534 0.21 0.028 0.06
0 0.588 0.262 0.03 0.097
1 0.675 0.132 0.045 0.09
1 0.758 0.162 0.035 0.063
0 0.886 0.158 0.052 0.09
0 0.873 0.313 0.05 0.113
1 0.288 0.053 0.035 0.04
