0 0.13 0.05 0.015 0.022
0 0.09 0.201 0.02 0.029
1 0.141 0.291 0.022 0.036
0 0.131 0.372 0.028 0.04
0 0.179 0.379 0.018 0.04
0 0.018 0.484 0.025 0.04
0 0.072 0.466 0.025 0.032
0 0.133 0.477 0.03 0.04
1 0.114 0.574 0.028 0.04
0 0.076 0.707 0.028 0.032
1 0.161 0.635 0.022 0.04
0 0.364 0.02 0.018 0.025
0 0.354 0.059 0.022 0.032
0 0.318 0.095 0.015 0.025
0 0.302 0.122 0.015 0.029
0 0.268 0.151 0.02 0.029
0 0.246 0.241 0.018 0.022
1 0.214 0.252 0.018 0.022
0 0.224 0.286 0.018 0.025
1 0.268 0.291 0.02 0.029
0 0.265 0.405 0.02 0.032
1 0.286 0.453 0.018 0.029
0 0.291 0.565 0.028 0.043
0 0.263 0.615 0.03 0.043
0 0.326 0.781 0.033 0.05
0 0.246 0.951 0.037 0.054
0 0.455 0.02 0.01 0.018
0 0.42 0.059 0.015 0.025
0 0.394 0.072 0.018 0.022
1 0.404 0.121 0.013 0.025
0 0.432 0.11 0.02 0.032
0 0.326 0.21 0.018 0.025
0 0.399 0.209 0.018 0.029
1 0.348 0.243 0.02 0.032
1 0.301 0.273 0.018 0.029
0 0.369 0.297 0.022 0.032
0 0.344 0.372 0.022 0.025
0 0.455 0.329 0.02 0.032
0 0.422 0.374 0.025 0.029
0 0.357 0.464 0.02 0.036
0 0.434 0.435 0.022 0.036
0 0.378 0.626 0.025 0.043
0 0.383 0.701 0.025 0.043
0 0.411 0.714 0.028 0.047
0 0.414 0.941 0.037 0.054
0 0.464 0.795 0.018 0.036
0 0.471 0.592 0.028 0.04
0 0.456 0.55 0.028 0.029
0 0.479 0.072 0.013 0.022
0 0.546 0.036 0.013 0.022
0 0.511 0.081 0.013 0.011
0 0.541 0.11 0.018 0.025
0 0.575 0.067 0.015 0.025
0 0.499 0.144 0.018 0.029
0 0.535 0.203 0.01 0.018
0 0.509 0.243 0.022 0.025
0 0.562 0.302 0.02 0.029
0 0.487 0.367 0.02 0.036
0 0.557 0.353 0.02 0.029
0 0.539 0.379 0.022 0.04
0 0.497 0.459 0.02 0.032
0 0.63 0.013 0.015 0.018
0 0.642 0.092 0.015 0.025
0 0.669 0.072 0.013 0.022
0 0.695 0.09 0.01 0.022
0 0.705 0.095 0.015 0.025
1 0.679 0.14 0.013 0.022
0 0.738 0.112 0.015 0.029
1 0.74 0.146 0.015 0.025
0 0.711 0.207 0.018 0.025
1 0.646 0.173 0.018 0.022
1 0.625 0.191 0.02 0.029
0 0.638 0.3 0.02 0.025
0 0.606 0.397 0.022 0.032
0 0.672 0.388 0.02 0.029
0 0.599 0.527 0.028 0.032
0 0.606 0.764 0.033 0.047
0 0.55 0.874 0.035 0.05
0 0.649 0.833 0.033 0.047
0 0.769 0.014 0.018 0.022
0 0.823 0.079 0.015 0.029
1 0.841 0.094 0.013 0.022
0 0.824 0.146 0.013 0.025
0 0.829 0.174 0.018 0.025
0 0.777 0.243 0.02 0.032
0 0.821 0.309 0.018 0.029
0 0.699 0.428 0.022 0.036
0 0.734 0.405 0.022 0.032
0 0.72 0.466 0.025 0.032
0 0.729 0.541 0.022 0.04
0 0.701 0.558 0.028 0.043
0 0.76 0.919 0.035 0.054
0 0.905 0.98 0.04 0.04
0 0.969 0.986 0.037 0.029
0 0.911 0.809 0.033 0.043
0 0.944 0.788 0.028 0.05
0 0.946 0.608 0.028 0.043
0 0.946 0.538 0.028 0.04
0 0.998 0.493 0.01 0.036
0 0.9 0.48 0.02 0.018
0 0.916 0.439 0.022 0.036
0 0.884 0.378 0.022 0.036
0 0.927 0.324 0.02 0.036
0 0.874 0.326 0.022 0.032
0 0.854 0.286 0.018 0.032
0 0.911 0.277 0.013 0.022
0 0.858 0.227 0.02 0.029
0 0.873 0.171 0.015 0.025
0 0.964 0.185 0.013 0.025
0 0.985 0.11 0.015 0.025
0 0.897 0.076 0.015 0.022
0 0.871 0.045 0.013 0.025
0 0.932 0.056 0.015 0.018
1 0.96 0.032 0.01 0.022
1 0.996 0.074 0.013 0.018
